,0
0,617883765105401856
1,
2,[]
3,2015-07-06 02:32:23
4,0
5,
6,195
