,0
0,618559809638367233
1,
2,[]
3,2015-07-07 23:18:45
4,0
5,
6,3160
